 0.00000 1.00000 0.00000 0.00000 0.00000
 0.00500 0.97750 0.02250 0.00000 0.00000
 0.01000 0.95646 0.04354 0.00000 0.00000
 0.01500 0.93672 0.06328 0.00000 0.00000
 0.02000 0.91815 0.08185 0.00000 0.00000
 0.02500 0.90064 0.09935 0.00001 0.00000
 0.03000 0.88410 0.11589 0.00001 0.00000
 0.03500 0.86844 0.13155 0.00001 0.00000
 0.04000 0.85358 0.14640 0.00001 0.00000
 0.04500 0.83946 0.16052 0.00002 0.00000
 0.05000 0.82602 0.17396 0.00002 0.00000
 0.05500 0.81320 0.18678 0.00002 0.00000
 0.06000 0.80096 0.19901 0.00003 0.00000
 0.06500 0.78926 0.21071 0.00003 0.00000
 0.07000 0.77806 0.22191 0.00003 0.00000
 0.07500 0.76732 0.23264 0.00004 0.00000
 0.08000 0.75701 0.24295 0.00004 0.00000
 0.08500 0.74711 0.25284 0.00005 0.00000
 0.09000 0.73759 0.26236 0.00005 0.00000
 0.09500 0.72842 0.27153 0.00006 0.00000
 0.10000 0.71958 0.28036 0.00006 0.00000
 0.10500 0.71106 0.28888 0.00006 0.00000
 0.11000 0.70283 0.29710 0.00007 0.00000
 0.11500 0.69489 0.30504 0.00007 0.00000
 0.12000 0.68720 0.31272 0.00008 0.00000
 0.12500 0.67977 0.32015 0.00008 0.00000
 0.13000 0.67257 0.32734 0.00009 0.00000
 0.13500 0.66560 0.33431 0.00009 0.00000
 0.14000 0.65884 0.34106 0.00010 0.00000
 0.14500 0.65228 0.34762 0.00010 0.00000
 0.15000 0.64591 0.35398 0.00011 0.00000
 0.15500 0.63972 0.36016 0.00011 0.00000
 0.16000 0.63371 0.36617 0.00012 0.00000
 0.16500 0.62787 0.37200 0.00013 0.00000
 0.17000 0.62218 0.37768 0.00013 0.00000
 0.17500 0.61665 0.38321 0.00014 0.00000
 0.18000 0.61126 0.38860 0.00014 0.00000
 0.18500 0.60601 0.39384 0.00015 0.00000
 0.19000 0.60090 0.39895 0.00015 0.00000
 0.19500 0.59591 0.40394 0.00016 0.00000
 0.20000 0.59104 0.40880 0.00016 0.00000
 0.20500 0.58629 0.41354 0.00017 0.00000
 0.21000 0.58165 0.41817 0.00017 0.00000
 0.21500 0.57712 0.42270 0.00018 0.00000
 0.22000 0.57270 0.42712 0.00019 0.00000
 0.22500 0.56837 0.43144 0.00019 0.00000
 0.23000 0.56414 0.43566 0.00020 0.00000
 0.23500 0.56001 0.43979 0.00020 0.00000
 0.24000 0.55596 0.44383 0.00021 0.00000
 0.24500 0.55200 0.44778 0.00021 0.00000
 0.25000 0.54813 0.45165 0.00022 0.00000
 0.25500 0.54433 0.45544 0.00023 0.00000
 0.26000 0.54061 0.45915 0.00023 0.00000
 0.26500 0.53697 0.46279 0.00024 0.00000
 0.27000 0.53340 0.46636 0.00024 0.00000
 0.27500 0.52990 0.46985 0.00025 0.00000
 0.28000 0.52647 0.47328 0.00025 0.00000
 0.28500 0.52310 0.47664 0.00026 0.00000
 0.29000 0.51980 0.47993 0.00027 0.00000
 0.29500 0.51656 0.48317 0.00027 0.00000
 0.30000 0.51338 0.48634 0.00028 0.00000
 0.30500 0.51026 0.48946 0.00028 0.00000
 0.31000 0.50719 0.49252 0.00029 0.00000
 0.31500 0.50418 0.49553 0.00029 0.00000
 0.32000 0.50122 0.49848 0.00030 0.00000
 0.32500 0.49831 0.50138 0.00031 0.00000
 0.33000 0.49546 0.50423 0.00031 0.00000
 0.33500 0.49265 0.50704 0.00032 0.00000
 0.34000 0.48989 0.50979 0.00032 0.00000
 0.34500 0.48717 0.51250 0.00033 0.00000
 0.35000 0.48450 0.51517 0.00033 0.00000
 0.35500 0.48187 0.51779 0.00034 0.00000
 0.36000 0.47929 0.52037 0.00035 0.00000
 0.36500 0.47674 0.52291 0.00035 0.00000
 0.37000 0.47424 0.52540 0.00036 0.00000
 0.37500 0.47177 0.52786 0.00036 0.00000
 0.38000 0.46935 0.53029 0.00037 0.00000
 0.38500 0.46696 0.53267 0.00037 0.00000
 0.39000 0.46460 0.53502 0.00038 0.00000
 0.39500 0.46228 0.53733 0.00039 0.00000
 0.40000 0.46000 0.53961 0.00039 0.00000
 0.40500 0.45775 0.54185 0.00040 0.00000
 0.41000 0.45553 0.54407 0.00040 0.00000
 0.41500 0.45334 0.54625 0.00041 0.00000
 0.42000 0.45119 0.54840 0.00041 0.00000
 0.42500 0.44907 0.55052 0.00042 0.00000
 0.43000 0.44697 0.55260 0.00042 0.00000
 0.43500 0.44490 0.55466 0.00043 0.00000
 0.44000 0.44287 0.55670 0.00044 0.00000
 0.44500 0.44086 0.55870 0.00044 0.00000
 0.45000 0.43887 0.56068 0.00045 0.00000
 0.45500 0.43692 0.56263 0.00045 0.00000
 0.46000 0.43499 0.56455 0.00046 0.00000
 0.46500 0.43308 0.56645 0.00046 0.00000
 0.47000 0.43120 0.56833 0.00047 0.00000
 0.47500 0.42935 0.57018 0.00048 0.00000
 0.48000 0.42752 0.57200 0.00048 0.00000
 0.48500 0.42571 0.57381 0.00049 0.00000
 0.49000 0.42392 0.57559 0.00049 0.00000
 0.49500 0.42216 0.57735 0.00050 0.00000
 0.50000 0.42041 0.57908 0.00050 0.00000
 0.50500 0.41869 0.58080 0.00051 0.00000
 0.51000 0.41699 0.58249 0.00051 0.00000
 0.51500 0.41531 0.58416 0.00052 0.00000
 0.52000 0.41366 0.58582 0.00053 0.00000
 0.52500 0.41202 0.58745 0.00053 0.00000
 0.53000 0.41040 0.58907 0.00054 0.00000
 0.53500 0.40879 0.59066 0.00054 0.00000
 0.54000 0.40721 0.59224 0.00055 0.00000
 0.54500 0.40565 0.59380 0.00055 0.00000
 0.55000 0.40410 0.59534 0.00056 0.00000
 0.55500 0.40257 0.59686 0.00056 0.00000
 0.56000 0.40106 0.59837 0.00057 0.00000
 0.56500 0.39957 0.59986 0.00058 0.00000
 0.57000 0.39809 0.60133 0.00058 0.00000
 0.57500 0.39663 0.60279 0.00059 0.00000
 0.58000 0.39518 0.60423 0.00059 0.00000
 0.58500 0.39375 0.60565 0.00060 0.00000
 0.59000 0.39234 0.60706 0.00060 0.00000
 0.59500 0.39094 0.60846 0.00061 0.00000
 0.60000 0.38955 0.60984 0.00061 0.00000
 0.60500 0.38818 0.61120 0.00062 0.00000
 0.61000 0.38682 0.61255 0.00062 0.00000
 0.61500 0.38548 0.61389 0.00063 0.00000
 0.62000 0.38415 0.61521 0.00064 0.00000
 0.62500 0.38284 0.61652 0.00064 0.00000
 0.63000 0.38154 0.61781 0.00065 0.00000
 0.63500 0.38025 0.61910 0.00065 0.00000
 0.64000 0.37898 0.62037 0.00066 0.00000
 0.64500 0.37771 0.62162 0.00066 0.00000
 0.65000 0.37646 0.62287 0.00067 0.00000
 0.65500 0.37523 0.62410 0.00067 0.00000
 0.66000 0.37400 0.62532 0.00068 0.00000
 0.66500 0.37279 0.62653 0.00068 0.00000
 0.67000 0.37159 0.62772 0.00069 0.00000
 0.67500 0.37040 0.62891 0.00069 0.00000
 0.68000 0.36922 0.63008 0.00070 0.00000
 0.68500 0.36805 0.63124 0.00071 0.00000
 0.69000 0.36689 0.63239 0.00071 0.00000
 0.69500 0.36575 0.63354 0.00072 0.00000
 0.70000 0.36461 0.63466 0.00072 0.00000
 0.70500 0.36349 0.63578 0.00073 0.00000
 0.71000 0.36237 0.63689 0.00073 0.00000
 0.71500 0.36127 0.63799 0.00074 0.00000
 0.72000 0.36018 0.63908 0.00074 0.00000
 0.72500 0.35909 0.64016 0.00075 0.00000
 0.73000 0.35802 0.64123 0.00075 0.00000
 0.73500 0.35695 0.64229 0.00076 0.00000
 0.74000 0.35590 0.64334 0.00076 0.00000
 0.74500 0.35485 0.64438 0.00077 0.00000
 0.75000 0.35381 0.64541 0.00077 0.00000
 0.75500 0.35279 0.64643 0.00078 0.00000
 0.76000 0.35177 0.64745 0.00078 0.00000
 0.76500 0.35076 0.64845 0.00079 0.00000
 0.77000 0.34976 0.64945 0.00080 0.00000
 0.77500 0.34876 0.65044 0.00080 0.00000
 0.78000 0.34778 0.65142 0.00081 0.00000
 0.78500 0.34680 0.65239 0.00081 0.00000
 0.79000 0.34583 0.65335 0.00082 0.00000
 0.79500 0.34487 0.65431 0.00082 0.00000
 0.80000 0.34392 0.65525 0.00083 0.00000
 0.80500 0.34298 0.65619 0.00083 0.00000
 0.81000 0.34204 0.65712 0.00084 0.00000
 0.81500 0.34111 0.65805 0.00084 0.00000
 0.82000 0.34019 0.65896 0.00085 0.00000
 0.82500 0.33928 0.65987 0.00085 0.00000
 0.83000 0.33837 0.66077 0.00086 0.00000
 0.83500 0.33747 0.66167 0.00086 0.00000
 0.84000 0.33658 0.66256 0.00087 0.00000
 0.84500 0.33569 0.66344 0.00087 0.00000
 0.85000 0.33481 0.66431 0.00088 0.00000
 0.85500 0.33394 0.66518 0.00088 0.00000
 0.86000 0.33308 0.66604 0.00089 0.00000
 0.86500 0.33222 0.66689 0.00089 0.00000
 0.87000 0.33137 0.66774 0.00090 0.00000
 0.87500 0.33052 0.66858 0.00090 0.00000
 0.88000 0.32968 0.66941 0.00091 0.00000
 0.88500 0.32885 0.67024 0.00091 0.00000
 0.89000 0.32802 0.67106 0.00092 0.00000
 0.89500 0.32720 0.67187 0.00092 0.00000
 0.90000 0.32639 0.67268 0.00093 0.00000
 0.90500 0.32558 0.67348 0.00093 0.00000
 0.91000 0.32478 0.67428 0.00094 0.00000
 0.91500 0.32399 0.67507 0.00094 0.00000
 0.92000 0.32320 0.67586 0.00095 0.00000
 0.92500 0.32241 0.67664 0.00095 0.00000
 0.93000 0.32163 0.67741 0.00096 0.00000
 0.93500 0.32086 0.67818 0.00096 0.00000
 0.94000 0.32009 0.67894 0.00097 0.00000
 0.94500 0.31933 0.67970 0.00097 0.00000
 0.95000 0.31857 0.68045 0.00098 0.00000
 0.95500 0.31782 0.68120 0.00098 0.00000
 0.96000 0.31708 0.68194 0.00099 0.00000
 0.96500 0.31634 0.68267 0.00099 0.00000
 0.97000 0.31560 0.68340 0.00100 0.00000
 0.97500 0.31487 0.68413 0.00100 0.00000
 0.98000 0.31414 0.68485 0.00101 0.00000
 0.98500 0.31342 0.68556 0.00101 0.00000
 0.99000 0.31271 0.68627 0.00102 0.00000
 0.99500 0.31200 0.68698 0.00102 0.00000
 1.00000 0.31129 0.68768 0.00103 0.00000
 1.00500 0.31059 0.68838 0.00103 0.00000
 1.01000 0.30989 0.68907 0.00104 0.00000
 1.01500 0.30920 0.68976 0.00104 0.00000
 1.02000 0.30851 0.69044 0.00105 0.00000
 1.02500 0.30783 0.69112 0.00105 0.00000
 1.03000 0.30715 0.69179 0.00106 0.00000
 1.03500 0.30648 0.69246 0.00106 0.00000
 1.04000 0.30581 0.69312 0.00107 0.00000
 1.04500 0.30515 0.69378 0.00107 0.00000
 1.05000 0.30449 0.69444 0.00108 0.00000
 1.05500 0.30383 0.69509 0.00108 0.00000
 1.06000 0.30318 0.69574 0.00109 0.00000
 1.06500 0.30253 0.69638 0.00109 0.00000
 1.07000 0.30189 0.69702 0.00110 0.00000
 1.07500 0.30125 0.69765 0.00110 0.00000
 1.08000 0.30061 0.69828 0.00111 0.00000
 1.08500 0.29998 0.69891 0.00111 0.00000
 1.09000 0.29935 0.69953 0.00111 0.00000
 1.09500 0.29873 0.70015 0.00112 0.00000
 1.10000 0.29811 0.70077 0.00112 0.00000
 1.10500 0.29749 0.70138 0.00113 0.00000
 1.11000 0.29688 0.70199 0.00113 0.00000
 1.11500 0.29627 0.70259 0.00114 0.00000
 1.12000 0.29567 0.70319 0.00114 0.00000
 1.12500 0.29507 0.70379 0.00115 0.00000
 1.13000 0.29447 0.70438 0.00115 0.00000
 1.13500 0.29387 0.70497 0.00116 0.00000
 1.14000 0.29328 0.70555 0.00116 0.00000
 1.14500 0.29270 0.70614 0.00117 0.00000
 1.15000 0.29211 0.70671 0.00117 0.00000
 1.15500 0.29153 0.70729 0.00118 0.00000
 1.16000 0.29096 0.70786 0.00118 0.00000
 1.16500 0.29038 0.70843 0.00119 0.00000
 1.17000 0.28982 0.70899 0.00119 0.00000
 1.17500 0.28925 0.70956 0.00120 0.00000
 1.18000 0.28869 0.71011 0.00120 0.00000
 1.18500 0.28813 0.71067 0.00120 0.00000
 1.19000 0.28757 0.71122 0.00121 0.00000
 1.19500 0.28702 0.71177 0.00121 0.00000
 1.20000 0.28647 0.71231 0.00122 0.00000
 1.20500 0.28592 0.71286 0.00122 0.00000
 1.21000 0.28538 0.71340 0.00123 0.00000
 1.21500 0.28484 0.71393 0.00123 0.00000
 1.22000 0.28430 0.71446 0.00124 0.00000
 1.22500 0.28376 0.71499 0.00124 0.00000
 1.23000 0.28323 0.71552 0.00125 0.00000
 1.23500 0.28270 0.71605 0.00125 0.00000
 1.24000 0.28218 0.71657 0.00126 0.00000
 1.24500 0.28165 0.71708 0.00126 0.00000
 1.25000 0.28113 0.71760 0.00127 0.00000
 1.25500 0.28062 0.71811 0.00127 0.00000
 1.26000 0.28010 0.71862 0.00127 0.00000
 1.26500 0.27959 0.71913 0.00128 0.00000
 1.27000 0.27908 0.71963 0.00128 0.00000
 1.27500 0.27858 0.72013 0.00129 0.00000
 1.28000 0.27807 0.72063 0.00129 0.00000
 1.28500 0.27757 0.72113 0.00130 0.00000
 1.29000 0.27708 0.72162 0.00130 0.00000
 1.29500 0.27658 0.72211 0.00131 0.00000
 1.30000 0.27609 0.72260 0.00131 0.00000
 1.30500 0.27560 0.72308 0.00132 0.00000
 1.31000 0.27511 0.72357 0.00132 0.00000
 1.31500 0.27463 0.72405 0.00133 0.00000
 1.32000 0.27415 0.72452 0.00133 0.00000
 1.32500 0.27367 0.72500 0.00133 0.00000
 1.33000 0.27319 0.72547 0.00134 0.00000
 1.33500 0.27271 0.72594 0.00134 0.00000
 1.34000 0.27224 0.72641 0.00135 0.00000
 1.34500 0.27177 0.72687 0.00135 0.00000
 1.35000 0.27131 0.72734 0.00136 0.00000
 1.35500 0.27084 0.72780 0.00136 0.00000
 1.36000 0.27038 0.72826 0.00137 0.00000
 1.36500 0.26992 0.72871 0.00137 0.00000
 1.37000 0.26946 0.72916 0.00138 0.00000
 1.37500 0.26901 0.72962 0.00138 0.00000
 1.38000 0.26855 0.73006 0.00138 0.00000
 1.38500 0.26810 0.73051 0.00139 0.00000
 1.39000 0.26765 0.73095 0.00139 0.00000
 1.39500 0.26721 0.73140 0.00140 0.00000
 1.40000 0.26676 0.73184 0.00140 0.00000
 1.40500 0.26632 0.73227 0.00141 0.00000
 1.41000 0.26588 0.73271 0.00141 0.00000
 1.41500 0.26544 0.73314 0.00142 0.00000
 1.42000 0.26501 0.73357 0.00142 0.00000
 1.42500 0.26457 0.73400 0.00142 0.00000
 1.43000 0.26414 0.73443 0.00143 0.00000
 1.43500 0.26371 0.73485 0.00143 0.00000
 1.44000 0.26329 0.73528 0.00144 0.00000
 1.44500 0.26286 0.73570 0.00144 0.00000
 1.45000 0.26244 0.73611 0.00145 0.00000
 1.45500 0.26202 0.73653 0.00145 0.00000
 1.46000 0.26160 0.73695 0.00146 0.00000
 1.46500 0.26118 0.73736 0.00146 0.00000
 1.47000 0.26077 0.73777 0.00146 0.00000
 1.47500 0.26035 0.73818 0.00147 0.00000
 1.48000 0.25994 0.73858 0.00147 0.00000
 1.48500 0.25953 0.73899 0.00148 0.00000
 1.49000 0.25913 0.73939 0.00148 0.00000
 1.49500 0.25872 0.73979 0.00149 0.00000
 1.50000 0.25832 0.74019 0.00149 0.00000
 1.50500 0.25792 0.74059 0.00149 0.00000
 1.51000 0.25752 0.74098 0.00150 0.00000
 1.51500 0.25712 0.74138 0.00150 0.00000
 1.52000 0.25672 0.74177 0.00151 0.00000
 1.52500 0.25633 0.74216 0.00151 0.00000
 1.53000 0.25594 0.74255 0.00152 0.00000
 1.53500 0.25555 0.74293 0.00152 0.00000
 1.54000 0.25516 0.74332 0.00153 0.00000
 1.54500 0.25477 0.74370 0.00153 0.00000
 1.55000 0.25439 0.74408 0.00153 0.00000
 1.55500 0.25400 0.74446 0.00154 0.00000
 1.56000 0.25362 0.74484 0.00154 0.00000
 1.56500 0.25324 0.74521 0.00155 0.00000
 1.57000 0.25286 0.74559 0.00155 0.00000
 1.57500 0.25249 0.74596 0.00156 0.00000
 1.58000 0.25211 0.74633 0.00156 0.00000
 1.58500 0.25174 0.74670 0.00156 0.00000
 1.59000 0.25137 0.74707 0.00157 0.00000
 1.59500 0.25100 0.74743 0.00157 0.00000
 1.60000 0.25063 0.74779 0.00158 0.00000
 1.60500 0.25026 0.74816 0.00158 0.00000
 1.61000 0.24990 0.74852 0.00159 0.00000
 1.61500 0.24953 0.74888 0.00159 0.00000
 1.62000 0.24917 0.74924 0.00159 0.00000
 1.62500 0.24881 0.74959 0.00160 0.00000
 1.63000 0.24845 0.74995 0.00160 0.00000
 1.63500 0.24809 0.75030 0.00161 0.00000
 1.64000 0.24774 0.75065 0.00161 0.00000
 1.64500 0.24738 0.75100 0.00162 0.00000
 1.65000 0.24703 0.75135 0.00162 0.00000
 1.65500 0.24668 0.75170 0.00162 0.00000
 1.66000 0.24633 0.75204 0.00163 0.00000
 1.66500 0.24598 0.75239 0.00163 0.00000
 1.67000 0.24563 0.75273 0.00164 0.00000
 1.67500 0.24529 0.75307 0.00164 0.00000
 1.68000 0.24495 0.75341 0.00165 0.00000
 1.68500 0.24460 0.75375 0.00165 0.00000
 1.69000 0.24426 0.75408 0.00165 0.00000
 1.69500 0.24392 0.75442 0.00166 0.00000
 1.70000 0.24358 0.75475 0.00166 0.00000
 1.70500 0.24325 0.75509 0.00167 0.00000
 1.71000 0.24291 0.75542 0.00167 0.00000
 1.71500 0.24258 0.75575 0.00168 0.00000
 1.72000 0.24225 0.75608 0.00168 0.00000
 1.72500 0.24191 0.75640 0.00168 0.00000
 1.73000 0.24158 0.75673 0.00169 0.00000
 1.73500 0.24126 0.75705 0.00169 0.00000
 1.74000 0.24093 0.75738 0.00170 0.00000
 1.74500 0.24060 0.75770 0.00170 0.00000
 1.75000 0.24028 0.75802 0.00170 0.00000
 1.75500 0.23995 0.75834 0.00171 0.00000
 1.76000 0.23963 0.75866 0.00171 0.00000
 1.76500 0.23931 0.75897 0.00172 0.00000
 1.77000 0.23899 0.75929 0.00172 0.00000
 1.77500 0.23867 0.75960 0.00173 0.00000
 1.78000 0.23836 0.75991 0.00173 0.00000
 1.78500 0.23804 0.76023 0.00173 0.00000
 1.79000 0.23773 0.76054 0.00174 0.00000
 1.79500 0.23741 0.76084 0.00174 0.00000
 1.80000 0.23710 0.76115 0.00175 0.00000
 1.80500 0.23679 0.76146 0.00175 0.00000
 1.81000 0.23648 0.76176 0.00175 0.00000
 1.81500 0.23617 0.76207 0.00176 0.00000
 1.82000 0.23587 0.76237 0.00176 0.00000
 1.82500 0.23556 0.76267 0.00177 0.00000
 1.83000 0.23526 0.76297 0.00177 0.00000
 1.83500 0.23495 0.76327 0.00177 0.00000
 1.84000 0.23465 0.76357 0.00178 0.00000
 1.84500 0.23435 0.76387 0.00178 0.00000
 1.85000 0.23405 0.76416 0.00179 0.00000
 1.85500 0.23375 0.76446 0.00179 0.00000
 1.86000 0.23345 0.76475 0.00180 0.00000
 1.86500 0.23315 0.76505 0.00180 0.00000
 1.87000 0.23286 0.76534 0.00180 0.00000
 1.87500 0.23256 0.76563 0.00181 0.00000
 1.88000 0.23227 0.76592 0.00181 0.00000
 1.88500 0.23198 0.76621 0.00182 0.00000
 1.89000 0.23169 0.76649 0.00182 0.00000
 1.89500 0.23140 0.76678 0.00182 0.00000
 1.90000 0.23111 0.76706 0.00183 0.00000
 1.90500 0.23082 0.76735 0.00183 0.00000
 1.91000 0.23053 0.76763 0.00184 0.00000
 1.91500 0.23025 0.76791 0.00184 0.00000
 1.92000 0.22996 0.76819 0.00184 0.00000
 1.92500 0.22968 0.76847 0.00185 0.00000
 1.93000 0.22940 0.76875 0.00185 0.00000
 1.93500 0.22912 0.76903 0.00186 0.00000
 1.94000 0.22884 0.76930 0.00186 0.00000
 1.94500 0.22856 0.76958 0.00186 0.00000
 1.95000 0.22828 0.76985 0.00187 0.00000
 1.95500 0.22800 0.77013 0.00187 0.00000
 1.96000 0.22772 0.77040 0.00188 0.00000
 1.96500 0.22745 0.77067 0.00188 0.00000
 1.97000 0.22717 0.77094 0.00188 0.00000
 1.97500 0.22690 0.77121 0.00189 0.00000
 1.98000 0.22663 0.77148 0.00189 0.00000
 1.98500 0.22636 0.77175 0.00190 0.00000
 1.99000 0.22609 0.77201 0.00190 0.00000
 1.99500 0.22582 0.77228 0.00190 0.00000
 2.00000 0.22555 0.77254 0.00191 0.00000
 2.00500 0.22528 0.77281 0.00191 0.00000
 2.01000 0.22501 0.77307 0.00192 0.00000
 2.01500 0.22475 0.77333 0.00192 0.00000
 2.02000 0.22448 0.77359 0.00192 0.00000
 2.02500 0.22422 0.77385 0.00193 0.00000
 2.03000 0.22396 0.77411 0.00193 0.00000
 2.03500 0.22369 0.77437 0.00194 0.00000
 2.04000 0.22343 0.77463 0.00194 0.00000
 2.04500 0.22317 0.77488 0.00194 0.00000
 2.05000 0.22291 0.77514 0.00195 0.00000
 2.05500 0.22266 0.77539 0.00195 0.00000
 2.06000 0.22240 0.77565 0.00196 0.00000
 2.06500 0.22214 0.77590 0.00196 0.00000
 2.07000 0.22189 0.77615 0.00196 0.00000
 2.07500 0.22163 0.77640 0.00197 0.00000
 2.08000 0.22138 0.77665 0.00197 0.00000
 2.08500 0.22112 0.77690 0.00198 0.00000
 2.09000 0.22087 0.77715 0.00198 0.00000
 2.09500 0.22062 0.77740 0.00198 0.00000
 2.10000 0.22037 0.77764 0.00199 0.00000
 2.10500 0.22012 0.77789 0.00199 0.00000
 2.11000 0.21987 0.77813 0.00200 0.00000
 2.11500 0.21962 0.77838 0.00200 0.00000
 2.12000 0.21938 0.77862 0.00200 0.00000
 2.12500 0.21913 0.77886 0.00201 0.00000
 2.13000 0.21888 0.77910 0.00201 0.00000
 2.13500 0.21864 0.77935 0.00202 0.00000
 2.14000 0.21840 0.77959 0.00202 0.00000
 2.14500 0.21815 0.77982 0.00202 0.00000
 2.15000 0.21791 0.78006 0.00203 0.00000
 2.15500 0.21767 0.78030 0.00203 0.00000
 2.16000 0.21743 0.78054 0.00203 0.00000
 2.16500 0.21719 0.78077 0.00204 0.00000
 2.17000 0.21695 0.78101 0.00204 0.00000
 2.17500 0.21671 0.78124 0.00205 0.00000
 2.18000 0.21647 0.78148 0.00205 0.00000
 2.18500 0.21624 0.78171 0.00205 0.00000
 2.19000 0.21600 0.78194 0.00206 0.00000
 2.19500 0.21577 0.78217 0.00206 0.00000
 2.20000 0.21553 0.78240 0.00207 0.00000
 2.20500 0.21530 0.78263 0.00207 0.00000
 2.21000 0.21506 0.78286 0.00207 0.00000
 2.21500 0.21483 0.78309 0.00208 0.00000
 2.22000 0.21460 0.78332 0.00208 0.00000
 2.22500 0.21437 0.78355 0.00208 0.00000
 2.23000 0.21414 0.78377 0.00209 0.00000
 2.23500 0.21391 0.78400 0.00209 0.00000
 2.24000 0.21368 0.78422 0.00210 0.00000
 2.24500 0.21345 0.78445 0.00210 0.00000
 2.25000 0.21323 0.78467 0.00210 0.00000
 2.25500 0.21300 0.78489 0.00211 0.00000
 2.26000 0.21278 0.78511 0.00211 0.00000
 2.26500 0.21255 0.78533 0.00212 0.00000
 2.27000 0.21233 0.78555 0.00212 0.00000
 2.27500 0.21210 0.78577 0.00212 0.00000
 2.28000 0.21188 0.78599 0.00213 0.00000
 2.28500 0.21166 0.78621 0.00213 0.00000
 2.29000 0.21144 0.78643 0.00213 0.00000
 2.29500 0.21122 0.78665 0.00214 0.00000
 2.30000 0.21100 0.78686 0.00214 0.00000
 2.30500 0.21078 0.78708 0.00215 0.00000
 2.31000 0.21056 0.78729 0.00215 0.00000
 2.31500 0.21034 0.78751 0.00215 0.00000
 2.32000 0.21012 0.78772 0.00216 0.00000
 2.32500 0.20991 0.78793 0.00216 0.00000
 2.33000 0.20969 0.78814 0.00217 0.00000
 2.33500 0.20948 0.78836 0.00217 0.00000
 2.34000 0.20926 0.78857 0.00217 0.00000
 2.34500 0.20905 0.78878 0.00218 0.00000
 2.35000 0.20883 0.78899 0.00218 0.00000
 2.35500 0.20862 0.78919 0.00218 0.00000
 2.36000 0.20841 0.78940 0.00219 0.00000
 2.36500 0.20820 0.78961 0.00219 0.00000
 2.37000 0.20799 0.78982 0.00220 0.00000
 2.37500 0.20778 0.79002 0.00220 0.00000
 2.38000 0.20757 0.79023 0.00220 0.00000
 2.38500 0.20736 0.79043 0.00221 0.00000
 2.39000 0.20715 0.79064 0.00221 0.00000
 2.39500 0.20694 0.79084 0.00221 0.00000
 2.40000 0.20674 0.79105 0.00222 0.00000
 2.40500 0.20653 0.79125 0.00222 0.00000
 2.41000 0.20632 0.79145 0.00223 0.00000
 2.41500 0.20612 0.79165 0.00223 0.00000
 2.42000 0.20591 0.79185 0.00223 0.00000
 2.42500 0.20571 0.79205 0.00224 0.00000
 2.43000 0.20551 0.79225 0.00224 0.00000
 2.43500 0.20530 0.79245 0.00224 0.00000
 2.44000 0.20510 0.79265 0.00225 0.00000
 2.44500 0.20490 0.79285 0.00225 0.00000
 2.45000 0.20470 0.79304 0.00226 0.00000
 2.45500 0.20450 0.79324 0.00226 0.00000
 2.46000 0.20430 0.79344 0.00226 0.00000
 2.46500 0.20410 0.79363 0.00227 0.00000
 2.47000 0.20390 0.79383 0.00227 0.00000
 2.47500 0.20370 0.79402 0.00227 0.00000
 2.48000 0.20351 0.79422 0.00228 0.00000
 2.48500 0.20331 0.79441 0.00228 0.00000
 2.49000 0.20311 0.79460 0.00228 0.00000
 2.49500 0.20292 0.79479 0.00229 0.00000
 2.50000 0.20272 0.79498 0.00229 0.00000
 2.50500 0.20253 0.79518 0.00230 0.00000
 2.51000 0.20233 0.79537 0.00230 0.00000
 2.51500 0.20214 0.79556 0.00230 0.00000
 2.52000 0.20195 0.79575 0.00231 0.00000
 2.52500 0.20176 0.79593 0.00231 0.00000
 2.53000 0.20156 0.79612 0.00231 0.00000
 2.53500 0.20137 0.79631 0.00232 0.00000
 2.54000 0.20118 0.79650 0.00232 0.00000
 2.54500 0.20099 0.79668 0.00233 0.00000
 2.55000 0.20080 0.79687 0.00233 0.00000
 2.55500 0.20061 0.79705 0.00233 0.00000
 2.56000 0.20042 0.79724 0.00234 0.00000
 2.56500 0.20024 0.79742 0.00234 0.00000
 2.57000 0.20005 0.79761 0.00234 0.00000
 2.57500 0.19986 0.79779 0.00235 0.00000
 2.58000 0.19967 0.79797 0.00235 0.00000
 2.58500 0.19949 0.79816 0.00235 0.00000
 2.59000 0.19930 0.79834 0.00236 0.00000
 2.59500 0.19912 0.79852 0.00236 0.00000
 2.60000 0.19893 0.79870 0.00237 0.00000
 2.60500 0.19875 0.79888 0.00237 0.00000
 2.61000 0.19857 0.79906 0.00237 0.00000
 2.61500 0.19838 0.79924 0.00238 0.00000
 2.62000 0.19820 0.79942 0.00238 0.00000
 2.62500 0.19802 0.79960 0.00238 0.00000
 2.63000 0.19784 0.79977 0.00239 0.00000
 2.63500 0.19766 0.79995 0.00239 0.00000
 2.64000 0.19748 0.80013 0.00239 0.00000
 2.64500 0.19730 0.80031 0.00240 0.00000
 2.65000 0.19712 0.80048 0.00240 0.00000
 2.65500 0.19694 0.80066 0.00241 0.00000
 2.66000 0.19676 0.80083 0.00241 0.00000
 2.66500 0.19658 0.80101 0.00241 0.00000
 2.67000 0.19640 0.80118 0.00242 0.00000
 2.67500 0.19623 0.80135 0.00242 0.00000
 2.68000 0.19605 0.80153 0.00242 0.00000
 2.68500 0.19587 0.80170 0.00243 0.00000
 2.69000 0.19570 0.80187 0.00243 0.00000
 2.69500 0.19552 0.80204 0.00243 0.00000
 2.70000 0.19535 0.80221 0.00244 0.00000
 2.70500 0.19517 0.80238 0.00244 0.00000
 2.71000 0.19500 0.80255 0.00245 0.00000
 2.71500 0.19483 0.80272 0.00245 0.00000
 2.72000 0.19466 0.80289 0.00245 0.00000
 2.72500 0.19448 0.80306 0.00246 0.00000
 2.73000 0.19431 0.80323 0.00246 0.00000
 2.73500 0.19414 0.80340 0.00246 0.00000
 2.74000 0.19397 0.80357 0.00247 0.00000
 2.74500 0.19380 0.80373 0.00247 0.00000
 2.75000 0.19363 0.80390 0.00247 0.00000
 2.75500 0.19346 0.80406 0.00248 0.00000
 2.76000 0.19329 0.80423 0.00248 0.00000
 2.76500 0.19312 0.80440 0.00248 0.00000
 2.77000 0.19295 0.80456 0.00249 0.00000
 2.77500 0.19278 0.80472 0.00249 0.00000
 2.78000 0.19262 0.80489 0.00250 0.00000
 2.78500 0.19245 0.80505 0.00250 0.00000
 2.79000 0.19228 0.80522 0.00250 0.00000
 2.79500 0.19212 0.80538 0.00251 0.00000
 2.80000 0.19195 0.80554 0.00251 0.00000
 2.80500 0.19179 0.80570 0.00251 0.00000
 2.81000 0.19162 0.80586 0.00252 0.00000
 2.81500 0.19146 0.80602 0.00252 0.00000
 2.82000 0.19129 0.80618 0.00252 0.00000
 2.82500 0.19113 0.80634 0.00253 0.00000
 2.83000 0.19097 0.80650 0.00253 0.00000
 2.83500 0.19080 0.80666 0.00253 0.00000
 2.84000 0.19064 0.80682 0.00254 0.00000
 2.84500 0.19048 0.80698 0.00254 0.00000
 2.85000 0.19032 0.80714 0.00254 0.00000
 2.85500 0.19016 0.80730 0.00255 0.00000
 2.86000 0.18999 0.80745 0.00255 0.00000
 2.86500 0.18983 0.80761 0.00256 0.00000
 2.87000 0.18967 0.80777 0.00256 0.00000
 2.87500 0.18951 0.80792 0.00256 0.00000
 2.88000 0.18936 0.80808 0.00257 0.00000
 2.88500 0.18920 0.80823 0.00257 0.00000
 2.89000 0.18904 0.80839 0.00257 0.00000
 2.89500 0.18888 0.80854 0.00258 0.00000
 2.90000 0.18872 0.80870 0.00258 0.00000
 2.90500 0.18857 0.80885 0.00258 0.00000
 2.91000 0.18841 0.80900 0.00259 0.00000
 2.91500 0.18825 0.80916 0.00259 0.00000
 2.92000 0.18810 0.80931 0.00259 0.00000
 2.92500 0.18794 0.80946 0.00260 0.00000
 2.93000 0.18779 0.80961 0.00260 0.00000
 2.93500 0.18763 0.80976 0.00260 0.00000
 2.94000 0.18748 0.80992 0.00261 0.00000
 2.94500 0.18732 0.81007 0.00261 0.00000
 2.95000 0.18717 0.81022 0.00261 0.00000
 2.95500 0.18702 0.81037 0.00262 0.00000
 2.96000 0.18686 0.81052 0.00262 0.00000
 2.96500 0.18671 0.81067 0.00262 0.00000
 2.97000 0.18656 0.81081 0.00263 0.00000
 2.97500 0.18641 0.81096 0.00263 0.00000
 2.98000 0.18625 0.81111 0.00264 0.00000
 2.98500 0.18610 0.81126 0.00264 0.00000
 2.99000 0.18595 0.81141 0.00264 0.00000
 2.99500 0.18580 0.81155 0.00265 0.00000
 3.00000 0.18565 0.81170 0.00265 0.00000
 3.00500 0.18550 0.81184 0.00265 0.00000
 3.01000 0.18535 0.81199 0.00266 0.00000
 3.01500 0.18520 0.81214 0.00266 0.00000
 3.02000 0.18506 0.81228 0.00266 0.00000
 3.02500 0.18491 0.81243 0.00267 0.00000
 3.03000 0.18476 0.81257 0.00267 0.00000
 3.03500 0.18461 0.81271 0.00267 0.00000
 3.04000 0.18446 0.81286 0.00268 0.00000
 3.04500 0.18432 0.81300 0.00268 0.00000
 3.05000 0.18417 0.81314 0.00268 0.00000
 3.05500 0.18403 0.81329 0.00269 0.00000
 3.06000 0.18388 0.81343 0.00269 0.00000
 3.06500 0.18373 0.81357 0.00269 0.00000
 3.07000 0.18359 0.81371 0.00270 0.00000
 3.07500 0.18344 0.81385 0.00270 0.00000
 3.08000 0.18330 0.81400 0.00270 0.00000
 3.08500 0.18316 0.81414 0.00271 0.00000
 3.09000 0.18301 0.81428 0.00271 0.00000
 3.09500 0.18287 0.81442 0.00271 0.00000
 3.10000 0.18273 0.81456 0.00272 0.00000
 3.10500 0.18258 0.81470 0.00272 0.00000
 3.11000 0.18244 0.81483 0.00272 0.00000
 3.11500 0.18230 0.81497 0.00273 0.00000
 3.12000 0.18216 0.81511 0.00273 0.00000
 3.12500 0.18202 0.81525 0.00273 0.00000
 3.13000 0.18187 0.81539 0.00274 0.00000
 3.13500 0.18173 0.81552 0.00274 0.00000
 3.14000 0.18159 0.81566 0.00275 0.00000
 3.14500 0.18145 0.81580 0.00275 0.00000
 3.15000 0.18131 0.81593 0.00275 0.00000
 3.15500 0.18117 0.81607 0.00276 0.00000
 3.16000 0.18103 0.81621 0.00276 0.00000
 3.16500 0.18090 0.81634 0.00276 0.00000
 3.17000 0.18076 0.81648 0.00277 0.00000
 3.17500 0.18062 0.81661 0.00277 0.00000
 3.18000 0.18048 0.81675 0.00277 0.00000
 3.18500 0.18034 0.81688 0.00278 0.00000
 3.19000 0.18021 0.81701 0.00278 0.00000
 3.19500 0.18007 0.81715 0.00278 0.00000
 3.20000 0.17993 0.81728 0.00279 0.00000
 3.20500 0.17980 0.81741 0.00279 0.00000
 3.21000 0.17966 0.81755 0.00279 0.00000
 3.21500 0.17953 0.81768 0.00280 0.00000
 3.22000 0.17939 0.81781 0.00280 0.00000
 3.22500 0.17925 0.81794 0.00280 0.00000
 3.23000 0.17912 0.81807 0.00281 0.00000
 3.23500 0.17899 0.81821 0.00281 0.00000
 3.24000 0.17885 0.81834 0.00281 0.00000
 3.24500 0.17872 0.81847 0.00282 0.00000
 3.25000 0.17858 0.81860 0.00282 0.00000
 3.25500 0.17845 0.81873 0.00282 0.00000
 3.26000 0.17832 0.81886 0.00283 0.00000
 3.26500 0.17818 0.81899 0.00283 0.00000
 3.27000 0.17805 0.81911 0.00283 0.00000
 3.27500 0.17792 0.81924 0.00284 0.00000
 3.28000 0.17779 0.81937 0.00284 0.00000
 3.28500 0.17766 0.81950 0.00284 0.00000
 3.29000 0.17753 0.81963 0.00285 0.00000
 3.29500 0.17740 0.81976 0.00285 0.00000
 3.30000 0.17726 0.81988 0.00285 0.00000
 3.30500 0.17713 0.82001 0.00286 0.00000
 3.31000 0.17700 0.82014 0.00286 0.00000
 3.31500 0.17687 0.82026 0.00286 0.00000
 3.32000 0.17674 0.82039 0.00287 0.00000
 3.32500 0.17662 0.82052 0.00287 0.00000
 3.33000 0.17649 0.82064 0.00287 0.00000
 3.33500 0.17636 0.82077 0.00288 0.00000
 3.34000 0.17623 0.82089 0.00288 0.00000
 3.34500 0.17610 0.82102 0.00288 0.00000
 3.35000 0.17597 0.82114 0.00289 0.00000
 3.35500 0.17585 0.82126 0.00289 0.00000
 3.36000 0.17572 0.82139 0.00289 0.00000
 3.36500 0.17559 0.82151 0.00290 0.00000
 3.37000 0.17546 0.82164 0.00290 0.00000
 3.37500 0.17534 0.82176 0.00290 0.00000
 3.38000 0.17521 0.82188 0.00291 0.00000
 3.38500 0.17509 0.82200 0.00291 0.00000
 3.39000 0.17496 0.82213 0.00291 0.00000
 3.39500 0.17484 0.82225 0.00292 0.00000
 3.40000 0.17471 0.82237 0.00292 0.00000
 3.40500 0.17459 0.82249 0.00292 0.00000
 3.41000 0.17446 0.82261 0.00293 0.00000
 3.41500 0.17434 0.82273 0.00293 0.00000
 3.42000 0.17421 0.82286 0.00293 0.00000
 3.42500 0.17409 0.82298 0.00294 0.00000
 3.43000 0.17397 0.82310 0.00294 0.00000
 3.43500 0.17384 0.82322 0.00294 0.00000
 3.44000 0.17372 0.82334 0.00295 0.00000
 3.44500 0.17360 0.82346 0.00295 0.00000
 3.45000 0.17347 0.82357 0.00295 0.00000
 3.45500 0.17335 0.82369 0.00296 0.00000
 3.46000 0.17323 0.82381 0.00296 0.00000
 3.46500 0.17311 0.82393 0.00296 0.00000
 3.47000 0.17299 0.82405 0.00296 0.00000
 3.47500 0.17287 0.82417 0.00297 0.00000
 3.48000 0.17274 0.82428 0.00297 0.00000
 3.48500 0.17262 0.82440 0.00297 0.00000
 3.49000 0.17250 0.82452 0.00298 0.00000
 3.49500 0.17238 0.82464 0.00298 0.00000
 3.50000 0.17226 0.82475 0.00298 0.00000
 3.50500 0.17214 0.82487 0.00299 0.00000
 3.51000 0.17202 0.82499 0.00299 0.00000
 3.51500 0.17190 0.82510 0.00299 0.00000
 3.52000 0.17179 0.82522 0.00300 0.00000
 3.52500 0.17167 0.82533 0.00300 0.00000
 3.53000 0.17155 0.82545 0.00300 0.00000
 3.53500 0.17143 0.82556 0.00301 0.00000
 3.54000 0.17131 0.82568 0.00301 0.00000
 3.54500 0.17119 0.82579 0.00301 0.00000
 3.55000 0.17108 0.82591 0.00302 0.00000
 3.55500 0.17096 0.82602 0.00302 0.00000
 3.56000 0.17084 0.82613 0.00302 0.00000
 3.56500 0.17073 0.82625 0.00303 0.00000
 3.57000 0.17061 0.82636 0.00303 0.00000
 3.57500 0.17049 0.82647 0.00303 0.00000
 3.58000 0.17038 0.82659 0.00304 0.00000
 3.58500 0.17026 0.82670 0.00304 0.00000
 3.59000 0.17015 0.82681 0.00304 0.00000
 3.59500 0.17003 0.82692 0.00305 0.00000
 3.60000 0.16992 0.82704 0.00305 0.00000
 3.60500 0.16980 0.82715 0.00305 0.00000
 3.61000 0.16969 0.82726 0.00306 0.00000
 3.61500 0.16957 0.82737 0.00306 0.00000
 3.62000 0.16946 0.82748 0.00306 0.00000
 3.62500 0.16934 0.82759 0.00307 0.00000
 3.63000 0.16923 0.82770 0.00307 0.00000
 3.63500 0.16912 0.82781 0.00307 0.00000
 3.64000 0.16900 0.82792 0.00307 0.00000
 3.64500 0.16889 0.82803 0.00308 0.00000
 3.65000 0.16878 0.82814 0.00308 0.00000
 3.65500 0.16866 0.82825 0.00308 0.00000
 3.66000 0.16855 0.82836 0.00309 0.00000
 3.66500 0.16844 0.82847 0.00309 0.00000
 3.67000 0.16833 0.82858 0.00309 0.00000
 3.67500 0.16822 0.82869 0.00310 0.00000
 3.68000 0.16810 0.82880 0.00310 0.00000
 3.68500 0.16799 0.82890 0.00310 0.00000
 3.69000 0.16788 0.82901 0.00311 0.00000
 3.69500 0.16777 0.82912 0.00311 0.00000
 3.70000 0.16766 0.82923 0.00311 0.00000
 3.70500 0.16755 0.82933 0.00312 0.00000
 3.71000 0.16744 0.82944 0.00312 0.00000
 3.71500 0.16733 0.82955 0.00312 0.00000
 3.72000 0.16722 0.82965 0.00313 0.00000
 3.72500 0.16711 0.82976 0.00313 0.00000
 3.73000 0.16700 0.82987 0.00313 0.00000
 3.73500 0.16689 0.82997 0.00314 0.00000
 3.74000 0.16678 0.83008 0.00314 0.00000
 3.74500 0.16667 0.83018 0.00314 0.00000
 3.75000 0.16657 0.83029 0.00315 0.00000
 3.75500 0.16646 0.83039 0.00315 0.00000
 3.76000 0.16635 0.83050 0.00315 0.00000
 3.76500 0.16624 0.83060 0.00315 0.00000
 3.77000 0.16613 0.83071 0.00316 0.00000
 3.77500 0.16603 0.83081 0.00316 0.00000
 3.78000 0.16592 0.83092 0.00316 0.00000
 3.78500 0.16581 0.83102 0.00317 0.00000
 3.79000 0.16571 0.83112 0.00317 0.00000
 3.79500 0.16560 0.83123 0.00317 0.00000
 3.80000 0.16549 0.83133 0.00318 0.00000
 3.80500 0.16539 0.83143 0.00318 0.00000
 3.81000 0.16528 0.83154 0.00318 0.00000
 3.81500 0.16517 0.83164 0.00319 0.00000
 3.82000 0.16507 0.83174 0.00319 0.00000
 3.82500 0.16496 0.83184 0.00319 0.00000
 3.83000 0.16486 0.83195 0.00320 0.00000
 3.83500 0.16475 0.83205 0.00320 0.00000
 3.84000 0.16465 0.83215 0.00320 0.00000
 3.84500 0.16454 0.83225 0.00320 0.00000
 3.85000 0.16444 0.83235 0.00321 0.00000
 3.85500 0.16434 0.83245 0.00321 0.00000
 3.86000 0.16423 0.83255 0.00321 0.00000
 3.86500 0.16413 0.83265 0.00322 0.00000
 3.87000 0.16402 0.83276 0.00322 0.00000
 3.87500 0.16392 0.83286 0.00322 0.00000
 3.88000 0.16382 0.83296 0.00323 0.00000
 3.88500 0.16371 0.83306 0.00323 0.00000
 3.89000 0.16361 0.83316 0.00323 0.00000
 3.89500 0.16351 0.83325 0.00324 0.00000
 3.90000 0.16341 0.83335 0.00324 0.00000
 3.90500 0.16330 0.83345 0.00324 0.00000
 3.91000 0.16320 0.83355 0.00325 0.00000
 3.91500 0.16310 0.83365 0.00325 0.00000
 3.92000 0.16300 0.83375 0.00325 0.00000
 3.92500 0.16290 0.83385 0.00325 0.00000
 3.93000 0.16280 0.83395 0.00326 0.00000
 3.93500 0.16269 0.83404 0.00326 0.00000
 3.94000 0.16259 0.83414 0.00326 0.00000
 3.94500 0.16249 0.83424 0.00327 0.00000
 3.95000 0.16239 0.83434 0.00327 0.00000
 3.95500 0.16229 0.83443 0.00327 0.00000
 3.96000 0.16219 0.83453 0.00328 0.00000
 3.96500 0.16209 0.83463 0.00328 0.00000
 3.97000 0.16199 0.83472 0.00328 0.00000
 3.97500 0.16189 0.83482 0.00329 0.00000
 3.98000 0.16179 0.83492 0.00329 0.00000
 3.98500 0.16169 0.83501 0.00329 0.00000
 3.99000 0.16159 0.83511 0.00330 0.00000
 3.99500 0.16150 0.83521 0.00330 0.00000
 4.00000 0.16140 0.83530 0.00330 0.00000
 4.00500 0.16130 0.83540 0.00330 0.00000
 4.01000 0.16120 0.83549 0.00331 0.00000
 4.01500 0.16110 0.83559 0.00331 0.00000
 4.02000 0.16100 0.83568 0.00331 0.00000
 4.02500 0.16091 0.83578 0.00332 0.00000
 4.03000 0.16081 0.83587 0.00332 0.00000
 4.03500 0.16071 0.83597 0.00332 0.00000
 4.04000 0.16061 0.83606 0.00333 0.00000
 4.04500 0.16052 0.83615 0.00333 0.00000
 4.05000 0.16042 0.83625 0.00333 0.00000
 4.05500 0.16032 0.83634 0.00334 0.00000
 4.06000 0.16023 0.83644 0.00334 0.00000
 4.06500 0.16013 0.83653 0.00334 0.00000
 4.07000 0.16003 0.83662 0.00334 0.00000
 4.07500 0.15994 0.83672 0.00335 0.00000
 4.08000 0.15984 0.83681 0.00335 0.00000
 4.08500 0.15975 0.83690 0.00335 0.00000
 4.09000 0.15965 0.83699 0.00336 0.00000
 4.09500 0.15955 0.83709 0.00336 0.00000
 4.10000 0.15946 0.83718 0.00336 0.00000
 4.10500 0.15936 0.83727 0.00337 0.00000
 4.11000 0.15927 0.83736 0.00337 0.00000
 4.11500 0.15917 0.83745 0.00337 0.00000
 4.12000 0.15908 0.83754 0.00338 0.00000
 4.12500 0.15899 0.83764 0.00338 0.00000
 4.13000 0.15889 0.83773 0.00338 0.00000
 4.13500 0.15880 0.83782 0.00338 0.00000
 4.14000 0.15870 0.83791 0.00339 0.00000
 4.14500 0.15861 0.83800 0.00339 0.00000
 4.15000 0.15852 0.83809 0.00339 0.00000
 4.15500 0.15842 0.83818 0.00340 0.00000
 4.16000 0.15833 0.83827 0.00340 0.00000
 4.16500 0.15824 0.83836 0.00340 0.00000
 4.17000 0.15814 0.83845 0.00341 0.00000
 4.17500 0.15805 0.83854 0.00341 0.00000
 4.18000 0.15796 0.83863 0.00341 0.00000
 4.18500 0.15787 0.83872 0.00341 0.00000
 4.19000 0.15777 0.83881 0.00342 0.00000
 4.19500 0.15768 0.83890 0.00342 0.00000
 4.20000 0.15759 0.83899 0.00342 0.00000
 4.20500 0.15750 0.83908 0.00343 0.00000
 4.21000 0.15741 0.83916 0.00343 0.00000
 4.21500 0.15731 0.83925 0.00343 0.00000
 4.22000 0.15722 0.83934 0.00344 0.00000
 4.22500 0.15713 0.83943 0.00344 0.00000
 4.23000 0.15704 0.83952 0.00344 0.00000
 4.23500 0.15695 0.83960 0.00345 0.00000
 4.24000 0.15686 0.83969 0.00345 0.00000
 4.24500 0.15677 0.83978 0.00345 0.00000
 4.25000 0.15668 0.83987 0.00345 0.00000
 4.25500 0.15659 0.83995 0.00346 0.00000
 4.26000 0.15650 0.84004 0.00346 0.00000
 4.26500 0.15641 0.84013 0.00346 0.00000
 4.27000 0.15632 0.84022 0.00347 0.00000
 4.27500 0.15623 0.84030 0.00347 0.00000
 4.28000 0.15614 0.84039 0.00347 0.00000
 4.28500 0.15605 0.84047 0.00348 0.00000
 4.29000 0.15596 0.84056 0.00348 0.00000
 4.29500 0.15587 0.84065 0.00348 0.00000
 4.30000 0.15578 0.84073 0.00348 0.00000
 4.30500 0.15569 0.84082 0.00349 0.00000
 4.31000 0.15561 0.84090 0.00349 0.00000
 4.31500 0.15552 0.84099 0.00349 0.00000
 4.32000 0.15543 0.84107 0.00350 0.00000
 4.32500 0.15534 0.84116 0.00350 0.00000
 4.33000 0.15525 0.84124 0.00350 0.00000
 4.33500 0.15517 0.84133 0.00351 0.00000
 4.34000 0.15508 0.84141 0.00351 0.00000
 4.34500 0.15499 0.84150 0.00351 0.00000
 4.35000 0.15490 0.84158 0.00351 0.00000
 4.35500 0.15482 0.84167 0.00352 0.00000
 4.36000 0.15473 0.84175 0.00352 0.00000
 4.36500 0.15464 0.84183 0.00352 0.00000
 4.37000 0.15456 0.84192 0.00353 0.00000
 4.37500 0.15447 0.84200 0.00353 0.00000
 4.38000 0.15438 0.84209 0.00353 0.00000
 4.38500 0.15430 0.84217 0.00354 0.00000
 4.39000 0.15421 0.84225 0.00354 0.00000
 4.39500 0.15412 0.84234 0.00354 0.00000
 4.40000 0.15404 0.84242 0.00354 0.00000
 4.40500 0.15395 0.84250 0.00355 0.00000
 4.41000 0.15387 0.84258 0.00355 0.00000
 4.41500 0.15378 0.84267 0.00355 0.00000
 4.42000 0.15370 0.84275 0.00356 0.00000
 4.42500 0.15361 0.84283 0.00356 0.00000
 4.43000 0.15353 0.84291 0.00356 0.00000
 4.43500 0.15344 0.84299 0.00356 0.00000
 4.44000 0.15336 0.84308 0.00357 0.00000
 4.44500 0.15327 0.84316 0.00357 0.00000
 4.45000 0.15319 0.84324 0.00357 0.00000
 4.45500 0.15310 0.84332 0.00358 0.00000
 4.46000 0.15302 0.84340 0.00358 0.00000
 4.46500 0.15293 0.84348 0.00358 0.00000
 4.47000 0.15285 0.84356 0.00359 0.00000
 4.47500 0.15277 0.84365 0.00359 0.00000
 4.48000 0.15268 0.84373 0.00359 0.00000
 4.48500 0.15260 0.84381 0.00359 0.00000
 4.49000 0.15252 0.84389 0.00360 0.00000
 4.49500 0.15243 0.84397 0.00360 0.00000
 4.50000 0.15235 0.84405 0.00360 0.00000
 4.50500 0.15227 0.84413 0.00361 0.00000
 4.51000 0.15218 0.84421 0.00361 0.00000
 4.51500 0.15210 0.84429 0.00361 0.00000
 4.52000 0.15202 0.84437 0.00361 0.00000
 4.52500 0.15194 0.84445 0.00362 0.00000
 4.53000 0.15185 0.84453 0.00362 0.00000
 4.53500 0.15177 0.84461 0.00362 0.00000
 4.54000 0.15169 0.84468 0.00363 0.00000
 4.54500 0.15161 0.84476 0.00363 0.00000
 4.55000 0.15153 0.84484 0.00363 0.00000
 4.55500 0.15144 0.84492 0.00364 0.00000
 4.56000 0.15136 0.84500 0.00364 0.00000
 4.56500 0.15128 0.84508 0.00364 0.00000
 4.57000 0.15120 0.84516 0.00364 0.00000
 4.57500 0.15112 0.84523 0.00365 0.00000
 4.58000 0.15104 0.84531 0.00365 0.00000
 4.58500 0.15096 0.84539 0.00365 0.00000
 4.59000 0.15088 0.84547 0.00366 0.00000
 4.59500 0.15079 0.84555 0.00366 0.00000
 4.60000 0.15071 0.84562 0.00366 0.00000
 4.60500 0.15063 0.84570 0.00366 0.00000
 4.61000 0.15055 0.84578 0.00367 0.00000
 4.61500 0.15047 0.84586 0.00367 0.00000
 4.62000 0.15039 0.84593 0.00367 0.00000
 4.62500 0.15031 0.84601 0.00368 0.00000
 4.63000 0.15023 0.84609 0.00368 0.00000
 4.63500 0.15015 0.84616 0.00368 0.00000
 4.64000 0.15008 0.84624 0.00369 0.00000
 4.64500 0.15000 0.84632 0.00369 0.00000
 4.65000 0.14992 0.84639 0.00369 0.00000
 4.65500 0.14984 0.84647 0.00369 0.00000
 4.66000 0.14976 0.84654 0.00370 0.00000
 4.66500 0.14968 0.84662 0.00370 0.00000
 4.67000 0.14960 0.84670 0.00370 0.00000
 4.67500 0.14952 0.84677 0.00371 0.00000
 4.68000 0.14944 0.84685 0.00371 0.00000
 4.68500 0.14937 0.84692 0.00371 0.00000
 4.69000 0.14929 0.84700 0.00371 0.00000
 4.69500 0.14921 0.84707 0.00372 0.00000
 4.70000 0.14913 0.84715 0.00372 0.00000
 4.70500 0.14905 0.84722 0.00372 0.00000
 4.71000 0.14898 0.84730 0.00373 0.00000
 4.71500 0.14890 0.84737 0.00373 0.00000
 4.72000 0.14882 0.84745 0.00373 0.00000
 4.72500 0.14874 0.84752 0.00373 0.00000
 4.73000 0.14867 0.84760 0.00374 0.00000
 4.73500 0.14859 0.84767 0.00374 0.00000
 4.74000 0.14851 0.84775 0.00374 0.00000
 4.74500 0.14843 0.84782 0.00375 0.00000
 4.75000 0.14836 0.84789 0.00375 0.00000
 4.75500 0.14828 0.84797 0.00375 0.00000
